Time,Latitude,Longitude,Speed,Fuel Consumption Rate
1577357944665,31.766429927133952,34.63236954724857,32,0.8302638128422101
1577357945662,31.766409377116066,34.63243372728446,23,0.8302638128422101
1577357946672,31.76638950138514,34.632484567196975,19,0.8780487804878049
1577357947666,31.766376517275305,34.632519684142714,16,0.9497262319561971
1577357948665,31.76637619357795,34.6325487719216,10,0.9437531110004977
1577357949670,31.766378009067324,34.63256413905205,7,1.218516674962668
1577357950695,31.766384500259903,34.63257211701185,5,5.190642110502738
1577357951688,31.766386461442625,34.63258927826179,8,6.37332005973121
1577357952688,31.76638047041275,34.63261540364208,13,6.588352414136386
1577357953665,31.766357469963964,34.63265621291031,20,2.1742160278745644
1577357954672,31.766330855713285,34.632696115630814,22,1.9412643106022898
1577357955674,31.76630259321394,34.63273800444288,22,2.114484818317571
1577357956676,31.766264388446928,34.632778584337636,22,2.0905923344947737
1577357957694,31.766243108171455,34.63283603716965,23,2.0607267297162766
1577357958679,31.766241291668507,34.63290269070123,24,2.096565455450473
1577357959683,31.766272260300127,34.63296980016804,24,3.3927327028372325
1577357960670,31.766326166470858,34.63302068423024,27,5.184668989547038
1577357961687,31.76640440422479,34.6330487666329,29,6.779492284718765
1577357962958,31.766484075522744,34.63309122833591,34,8.087605774016923
1577357963686,31.766569220539346,34.6331529878482,37,8.266799402687905
1577357964687,31.76665746935513,34.63321119867935,40,8.332503733200598
1577357965687,31.766751071548438,34.633271407583265,45,8.368342458934793
1577357966695,31.766859564658855,34.63333831458858,47,8.344449975111996
1577357967697,31.766978555918232,34.6334085085448,53,8.410154305624689
1577357968687,31.76710961906308,34.63348042555895,55,8.356396217023395
1577357969684,31.767240504236124,34.63357483422303,58,8.428073668491788
1577357970689,31.76737495810377,34.63367003559344,59,8.469885515181682
1577357971688,31.767516067547934,34.633766156044295,61,8.463912394225984
1577357972696,31.767659082259275,34.63384803661359,64,8.487804878048781
1577357973676,31.767802375151813,34.633931762308016,65,7.060228969636635
1577357974701,31.76794740667732,34.63401674331402,66,1.3618715778994526
1577357975702,31.768090923875803,34.63410265002124,66,0.8242906918865107